function ref = baseline_state_ref()
%BASELINE_STATE_REF  极热场景 DC-OPF 求解基准状态（与 Gurobi/Python 一致）
%   用于 print_case39_ehnw_data 在无求解器时输出对照数据。

ref.summary.status = 'optimal';
ref.summary.obj_total = 1011492.5196276553;
ref.summary.gen_cost = 248686.61939956527;
ref.summary.shed_cost = 762805.90022809;
ref.summary.total_Pg_MW = 5991.762499954084;
ref.summary.total_D_MW = 6754.5684;
ref.summary.total_shed_MW = 762.8059000459104;
ref.summary.total_served_MW = 5991.762499954089;
ref.summary.max_branch_loading_pct = 99.99999999942612;
ref.summary.n_overloaded = 0;
ref.Pg = [807.500000, 780.000000, 780.000000, 651.900000, 682.500000, -0.000000, 409.612500, -0.000000, 877.500000, 1002.750000]';
ref.theta_deg = [-15.997789, -11.710653, -15.219275, -14.911398, -12.763253, -11.834317, -14.242330, -14.885199, -16.395110, -9.600410, -10.386037, -10.652305, -10.736483, -13.424362, -16.697861, -16.558814, -16.267058, -16.272703, -9.855207, -10.290193, -17.524335, -16.560587, -15.899731, -17.264178, -12.794205, -13.047360, -15.688029, -7.899772, -4.640625, -3.127090, -0.000000, -0.036598, -4.180078, -3.188057, -16.560587, -9.516145, -12.794205, 3.398674, -17.357049]';
ref.branch_flow = [-182.055093, 94.894258, 405.543101, 219.901806, -807.500000, -25.227580, 138.238953, -292.907790, -201.191279, -623.576919, 330.669129, 456.823458, -308.259103, -772.141274, 243.917049, 72.597569, 67.156043, 318.878708, 461.121292, -780.000000, -10.619604, 3.357296, 464.478588, 263.287309, -25.817477, -57.214531, -600.000000, 124.826109, 208.659878, 1.201466, -58.415997, 51.900000, -651.900000, -682.500000, -120.146948, -120.146948, 0.000000, 68.040251, -409.612500, 13.679177, -0.000000, 313.526338, -189.540818, -234.760304, -376.707567, -877.500000]';
ref.branch_loading = [30.342515, 9.489426, 81.108620, 43.980361, 89.722222, 5.045516, 27.647791, 48.817965, 40.238256, 51.964743, 36.741014, 50.758162, 64.220647, 42.896737, 27.101894, 8.066397, 7.461783, 53.146451, 76.853549, 86.666667, 2.123921, 0.671459, 77.413098, 43.881218, 4.302913, 9.535755, 100.000000, 20.804352, 34.776646, 0.200244, 9.736000, 5.766667, 72.433333, 75.833333, 13.349661, 20.024491, 0.000000, 11.340042, 45.512500, 2.279863, 0.000000, 52.254390, 31.590136, 39.126717, 62.784594, 73.125000]';
ref.loadBus = [1, 3, 4, 7, 8, 9, 12, 15, 16, 18, 20, 21, 23, 24, 25, 26, 27, 28, 29, 31, 39]';
ref.shed_L1 = [0.000000, 0.000000, 0.000000, 0.000000, 0.000000, 0.000000, 0.000000, 0.000000, 0.000000, 0.000000, 0.000000, 0.000000, 0.000000, 0.000000, 0.000000, 0.000000, 0.000000, 0.000000, 0.000000, 0.000000, 0.000000]';
ref.shed_L2 = [0.000000, 0.000000, 0.000000, 0.000000, 0.000000, 0.000000, 0.000000, 0.000000, 0.000000, 0.000000, 0.000000, 0.000000, 0.000000, 0.000000, 0.000000, 0.000000, 0.000000, 0.000000, 0.000000, 0.000000, 0.000000]';
ref.shed_L3 = [18.247165, 55.228272, 71.128511, 39.597591, 61.771390, 1.578474, 1.950091, 56.495214, 57.408933, 31.199581, 0.000000, 50.946943, 45.874699, 56.587871, 35.697372, 25.666038, 48.369660, 35.313251, 40.147871, 2.077274, 27.519699]';
ref.P_served = [87.160835, 292.531728, 468.871489, 212.906409, 501.988610, 5.441526, 7.262309, 289.104786, 297.911067, 139.440419, 734.400000, 244.973057, 221.425301, 276.700129, 206.222628, 124.453962, 255.110340, 187.166749, 266.032129, 7.858726, 1164.800301]';
ref.Dtotal = [105.408000, 347.760000, 540.000000, 252.504000, 563.760000, 7.020000, 9.212400, 345.600000, 355.320000, 170.640000, 734.400000, 295.920000, 267.300000, 333.288000, 241.920000, 150.120000, 303.480000, 222.480000, 306.180000, 9.936000, 1192.320000]';
end
