function mpc = case39_ehnw()
%CASE39_EHNW  修改版 IEEE 39 节点系统 —— 极热无风(Extreme Heat / No Wind)场景
%
%   在 MATPOWER case39（New England 10 机 39 节点）基础上"适当修改节点数据"：
%     1) 将 10 台机组重新指派为四种类型：火电(coal/gas)/水电/风电/光伏；
%     2) 重设各机组额定容量、最小出力比例与发电成本系数；
%     3) 为负荷节点提供基准有功 Pd0，供荷侧温度模型与等级拆分使用。
%
%   功率单位 MW，基准容量 baseMVA = 100。
%   本数据与 verify/case_data.py 完全一致，便于 Gurobi 与开源求解器互校。

mpc.baseMVA  = 100;
mpc.slackBus = 31;          % 平衡节点
mpc.nBus     = 39;

%% ---- 节点基准负荷  [bus, Pd0(MW)] ----
mpc.busPd0 = [
     1   97.60;   3  322.00;   4  500.00;   7  233.80;   8  522.00;
     9    6.50;  12    8.53;  15  320.00;  16  329.00;  18  158.00;
    20  680.00;  21  274.00;  23  247.50;  24  308.60;  25  224.00;
    26  139.00;  27  281.00;  28  206.00;  29  283.50;  31    9.20;
    39 1104.00;
];

%% ---- 支路数据  [fbus, tbus, x(p.u.), rateA(MW), tap_ratio] ----
%   DC 潮流仅使用电抗 x 与变压器变比 tap（tap=0 视为 1）。
mpc.branch = [
     1   2  0.0411   600   0.000;
     1  39  0.0250  1000   0.000;
     2   3  0.0151   500   0.000;
     2  25  0.0086   500   0.000;
     2  30  0.0181   900   1.025;
     3   4  0.0213   500   0.000;
     3  18  0.0133   500   0.000;
     4   5  0.0128   600   0.000;
     4  14  0.0129   500   0.000;
     5   6  0.0026  1200   0.000;
     5   8  0.0112   900   0.000;
     6   7  0.0092   900   0.000;
     6  11  0.0082   480   0.000;
     6  31  0.0250  1800   1.070;
     7   8  0.0046   900   0.000;
     8   9  0.0363   900   0.000;
     9  39  0.0250   900   0.000;
    10  11  0.0043   600   0.000;
    10  13  0.0043   600   0.000;
    10  32  0.0200   900   1.070;
    12  11  0.0435   500   1.006;
    12  13  0.0435   500   1.006;
    13  14  0.0101   600   0.000;
    14  15  0.0217   600   0.000;
    15  16  0.0094   600   0.000;
    16  17  0.0089   600   0.000;
    16  19  0.0195   600   0.000;
    16  21  0.0135   600   0.000;
    16  24  0.0059   600   0.000;
    17  18  0.0082   600   0.000;
    17  27  0.0173   600   0.000;
    19  20  0.0138   900   1.060;
    19  33  0.0142   900   1.070;
    20  34  0.0180   900   1.009;
    21  22  0.0140   900   0.000;
    22  23  0.0096   600   0.000;
    22  35  0.0143   900   1.025;
    23  24  0.0350   600   0.000;
    23  36  0.0272   900   1.000;
    25  26  0.0323   600   0.000;
    25  37  0.0232   900   1.025;
    26  27  0.0147   600   0.000;
    26  28  0.0474   600   0.000;
    26  29  0.0625   600   0.000;
    28  29  0.0151   600   0.000;
    29  38  0.0156  1200   1.025;
];

%% ---- 发电机数据（修改版）----
%   typeCode: 1=火电 thermal, 2=水电 hydro, 3=风电 wind, 4=光伏 solar
%   fuelCode: 1=coal 燃煤, 2=gas 燃气, 0=非火电
%   列: [bus, typeCode, fuelCode, Pmax_rated, Pmin_frac, c2, c1]
mpc.gen = [
    30  2  0   950.0  0.00  0.0050   8.0;   % G1  水电
    31  1  1   800.0  0.30  0.0100  30.0;   % G2  火电-燃煤(平衡机)
    32  1  1   800.0  0.30  0.0105  32.0;   % G3  火电-燃煤
    33  1  2   700.0  0.20  0.0150  60.0;   % G4  火电-燃气
    34  1  1   700.0  0.30  0.0110  33.0;   % G5  火电-燃煤
    35  3  0   400.0  0.00  0.0000   0.0;   % G6  风电
    36  4  0   550.0  0.00  0.0000   0.0;   % G7  光伏
    37  3  0   300.0  0.00  0.0000   0.0;   % G8  风电
    38  1  1   900.0  0.30  0.0095  29.0;   % G9  火电-燃煤
    39  1  2  1050.0  0.20  0.0140  58.0;   % G10 火电-燃气
];

%% ---- 机组运行参数（调度区间/爬坡/水库电量）----
%   列: [Pg0(MW), ramp_up_frac(/h), ramp_down_frac(/h), e_avail_frac]
%   Pg0: 上一时段基准出力（MATPOWER case39 同母线原始 Pg，风光取 0）
%   ramp_*: 每小时相对额定容量的爬坡率（火电燃煤0.35/燃气0.50，水电1.0）
%   e_avail_frac: 水电可用电量系数（=k_hydro，单时段 E_avail=e_avail_frac*Prated*dt_h）
mpc.genOps = [
    250.00  1.00  1.00  0.85;   % G1  水电
    677.87  0.35  0.35  0.00;   % G2  火电-燃煤
    650.00  0.35  0.35  0.00;   % G3  火电-燃煤
    632.00  0.50  0.50  0.00;   % G4  火电-燃气
    508.00  0.35  0.35  0.00;   % G5  火电-燃煤
      0.00  0.00  0.00  0.00;   % G6  风电
      0.00  0.00  0.00  0.00;   % G7  光伏
      0.00  0.00  0.00  0.00;   % G8  风电
    830.00  0.35  0.35  0.00;   % G9  火电-燃煤
   1000.00  0.50  0.50  0.00;   % G10 火电-燃气
];

end
